2000 30.7
2001 29.7
2002 28.7
2003 27.7
2004 25.7
2005 31.7
2006 30.7
2007 29.7
2008 27.7
2009 26.7
2010 25.7
2011 31.7
2012 29.7
2013 28.7
2014 27.7
2015 26.7
2016 31.7
2017 30.7
2018 29.7
2019 28.7
2020 26.7
2021 25.7
2022 31.7
2023 30.7
2024 28.7
2025 27.7
2026 26.7
2027 25.7
2028 30.7
2029 29.7
2030 28.7
2031 27.7
2032 25.7
2033 31.7
2034 30.7
2035 29.7
2036 27.7
2037 26.7
2038 25.7
2039 31.7
2040 29.7
2041 28.7
2042 27.7
2043 26.7
2044 31.7
2045 30.7
2046 29.7
2047 28.7
2048 26.7
2049 25.7
2050 31.7
