2000 27.2
2001 25.2
2002 24.2
2003 23.2
2004 29.2
2005 27.2
2006 26.2
2007 25.2
2008 24.2
2009 22.2
2010 28.2
2011 27.2
2012 26.2
2013 24.2
2014 23.2
2015 22.2
2016 28.2
2017 26.2
2018 25.2
2019 24.2
2020 23.2
2021 28.2
2022 27.2
2023 26.2
2024 25.2
2025 23.2
2026 22.2
2027 28.2
2028 27.2
2029 25.2
2030 24.2
2031 23.2
2032 29.2
2033 27.2
2034 26.2
2035 25.2
2036 24.2
2037 22.2
2038 28.2
2039 27.2
2040 26.2
2041 24.2
2042 23.2
2043 22.2
2044 28.2
2045 26.2
2046 25.2
2047 24.2
2048 23.2
2049 28.2
2050 27.2
