2000 24.9
2001 30.9
2002 29.9
2003 28.9
2004 26.9
2005 25.9
2006 24.9
2007 30.9
2008 28.9
2009 27.9
2010 26.9
2011 25.9
2012 30.9
2013 29.9
2014 28.9
2015 27.9
2016 25.9
2017 24.9
2018 30.9
2019 29.9
2020 27.9
2021 26.9
2022 25.9
2023 24.9
2024 29.9
2025 28.9
2026 27.9
2027 26.9
2028 24.9
2029 30.9
2030 29.9
2031 28.9
2032 26.9
2033 25.9
2034 24.9
2035 30.9
2036 28.9
2037 27.9
2038 26.9
2039 25.9
2040 30.9
2041 29.9
2042 28.9
2043 27.9
2044 25.9
2045 24.9
2046 30.9
2047 29.9
2048 27.9
2049 26.9
2050 25.9
