2000 26.11
2001 25.11
2002 24.11
2003 30.11
2004 28.11
2005 27.11
2006 26.11
2007 25.11
2008 30.11
2009 29.11
2010 28.11
2011 27.11
2012 25.11
2013 24.11
2014 30.11
2015 29.11
2016 27.11
2017 26.11
2018 25.11
2019 24.11
2020 29.11
2021 28.11
2022 27.11
2023 26.11
2024 24.11
2025 30.11
2026 29.11
2027 28.11
2028 26.11
2029 25.11
2030 24.11
2031 30.11
2032 28.11
2033 27.11
2034 26.11
2035 25.11
2036 30.11
2037 29.11
2038 28.11
2039 27.11
2040 25.11
2041 24.11
2042 30.11
2043 29.11
2044 27.11
2045 26.11
2046 25.11
2047 24.11
2048 29.11
2049 28.11
2050 27.11
