2000 30.4
2001 29.4
2002 28.4
2003 27.4
2004 25.4
2005 24.4
2006 30.4
2007 29.4
2008 27.4
2009 26.4
2010 25.4
2011 24.4
2012 29.4
2013 28.4
2014 27.4
2015 26.4
2016 24.4
2017 30.4
2018 29.4
2019 28.4
2020 26.4
2021 25.4
2022 24.4
2023 30.4
2024 28.4
2025 27.4
2026 26.4
2027 25.4
2028 30.4
2029 29.4
2030 28.4
2031 27.4
2032 25.4
2033 24.4
2034 30.4
2035 29.4
2036 27.4
2037 26.4
2038 25.4
2039 24.4
2040 29.4
2041 28.4
2042 27.4
2043 26.4
2044 24.4
2045 30.4
2046 29.4
2047 28.4
2048 26.4
2049 25.4
2050 24.4
