2000 27.8
2001 26.8
2002 25.8
2003 31.8
2004 29.8
2005 28.8
2006 27.8
2007 26.8
2008 31.8
2009 30.8
2010 29.8
2011 28.8
2012 26.8
2013 25.8
2014 31.8
2015 30.8
2016 28.8
2017 27.8
2018 26.8
2019 25.8
2020 30.8
2021 29.8
2022 28.8
2023 27.8
2024 25.8
2025 31.8
2026 30.8
2027 29.8
2028 27.8
2029 26.8
2030 25.8
2031 31.8
2032 29.8
2033 28.8
2034 27.8
2035 26.8
2036 31.8
2037 30.8
2038 29.8
2039 28.8
2040 26.8
2041 25.8
2042 31.8
2043 30.8
2044 28.8
2045 27.8
2046 26.8
2047 25.8
2048 30.8
2049 29.8
2050 28.8
