2000 29.10
2001 28.10
2002 27.10
2003 26.10
2004 31.10
2005 30.10
2006 29.10
2007 28.10
2008 26.10
2009 25.10
2010 31.10
2011 30.10
2012 28.10
2013 27.10
2014 26.10
2015 25.10
2016 30.10
2017 29.10
2018 28.10
2019 27.10
2020 25.10
2021 31.10
2022 30.10
2023 29.10
2024 27.10
2025 26.10
2026 25.10
2027 31.10
2028 29.10
2029 28.10
2030 27.10
2031 26.10
2032 31.10
2033 30.10
2034 29.10
2035 28.10
2036 26.10
2037 25.10
2038 31.10
2039 30.10
2040 28.10
2041 27.10
2042 26.10
2043 25.10
2044 30.10
2045 29.10
2046 28.10
2047 27.10
2048 25.10
2049 31.10
2050 30.10
