2000 30.1
2001 28.1
2002 27.1
2003 26.1
2004 25.1
2005 30.1
2006 29.1
2007 28.1
2008 27.1
2009 25.1
2010 31.1
2011 30.1
2012 29.1
2013 27.1
2014 26.1
2015 25.1
2016 31.1
2017 29.1
2018 28.1
2019 27.1
2020 26.1
2021 31.1
2022 30.1
2023 29.1
2024 28.1
2025 26.1
2026 25.1
2027 31.1
2028 30.1
2029 28.1
2030 27.1
2031 26.1
2032 25.1
2033 30.1
2034 29.1
2035 28.1
2036 27.1
2037 25.1
2038 31.1
2039 30.1
2040 29.1
2041 27.1
2042 26.1
2043 25.1
2044 31.1
2045 29.1
2046 28.1
2047 27.1
2048 26.1
2049 31.1
2050 30.1
