2000 28.5
2001 27.5
2002 26.5
2003 25.5
2004 30.5
2005 29.5
2006 28.5
2007 27.5
2008 25.5
2009 31.5
2010 30.5
2011 29.5
2012 27.5
2013 26.5
2014 25.5
2015 31.5
2016 29.5
2017 28.5
2018 27.5
2019 26.5
2020 31.5
2021 30.5
2022 29.5
2023 28.5
2024 26.5
2025 25.5
2026 31.5
2027 30.5
2028 28.5
2029 27.5
2030 26.5
2031 25.5
2032 30.5
2033 29.5
2034 28.5
2035 27.5
2036 25.5
2037 31.5
2038 30.5
2039 29.5
2040 27.5
2041 26.5
2042 25.5
2043 31.5
2044 29.5
2045 28.5
2046 27.5
2047 26.5
2048 31.5
2049 30.5
2050 29.5
