2000 25.6
2001 24.6
2002 30.6
2003 29.6
2004 27.6
2005 26.6
2006 25.6
2007 24.6
2008 29.6
2009 28.6
2010 27.6
2011 26.6
2012 24.6
2013 30.6
2014 29.6
2015 28.6
2016 26.6
2017 25.6
2018 24.6
2019 30.6
2020 28.6
2021 27.6
2022 26.6
2023 25.6
2024 30.6
2025 29.6
2026 28.6
2027 27.6
2028 25.6
2029 24.6
2030 30.6
2031 29.6
2032 27.6
2033 26.6
2034 25.6
2035 24.6
2036 29.6
2037 28.6
2038 27.6
2039 26.6
2040 24.6
2041 30.6
2042 29.6
2043 28.6
2044 26.6
2045 25.6
2046 24.6
2047 30.6
2048 28.6
2049 27.6
2050 26.6
